% Atomic Number| Solar Abund. (N_X/N_H) |      2*Solar (N_X/N_H) |      3*Solar (N_X/N_H) |      4*Solar (N_X/N_H) | Element Name
             0 |                    0.0 |                    0.0 |                    0.0 |                    0.0 |        dummy 
             1 |                    1.0 |                    1.0 |                    1.0 |                    1.0 |            H 
             2 |    0.08203515443298177 |    0.16407030886596355 |    0.24610546329894534 |     0.3281406177319271 |           He 
             3 |  9.120108393559116e-12 |  1.824021678711823e-11 |  2.736032518067735e-11 |  3.648043357423646e-11 |           Li 
             4 |  2.398832919019485e-11 |   4.79766583803897e-11 |  7.196498757058455e-11 |   9.59533167607794e-11 |           Be 
             5 |  5.011872336272714e-10 | 1.0023744672545429e-09 | 1.5035617008818143e-09 | 2.0047489345090857e-09 |            B 
             6 | 0.00028840315031266115 |  0.0005768063006253223 |  0.0008652094509379834 |  0.0011536126012506446 |            C 
             7 |  6.760829753919819e-05 | 0.00013521659507839638 | 0.00020282489261759458 | 0.00027043319015679275 |            N 
             8 |  0.0004897788193684457 |  0.0009795576387368913 |   0.001469336458105337 |  0.0019591152774737827 |            O 
             9 |  2.511886431509582e-08 |  5.023772863019164e-08 |  7.535659294528747e-08 | 1.0047545726038328e-07 |            F 
            10 |  0.0001148153621496884 |  0.0002296307242993768 | 0.00034444608644906523 |  0.0004592614485987536 |           Ne 
            11 | 1.6595869074375596e-06 | 3.3191738148751193e-06 |  4.978760722312679e-06 |  6.638347629750239e-06 |           Na 
            12 | 3.5481338923357534e-05 |  7.096267784671507e-05 | 0.00010644401677007261 | 0.00014192535569343013 |           Mg 
            13 | 2.6915348039269138e-06 | 5.3830696078538276e-06 |   8.07460441178074e-06 | 1.0766139215707655e-05 |           Al 
            14 |  3.235936569296281e-05 |  6.471873138592562e-05 |  9.707809707888842e-05 | 0.00012943746277185124 |           Si 
            15 |  2.570395782768865e-07 |   5.14079156553773e-07 |  7.711187348306595e-07 |  1.028158313107546e-06 |            P 
            16 | 1.3182567385564074e-05 |  2.636513477112815e-05 | 3.9547702156692225e-05 |   5.27302695422563e-05 |            S 
            17 | 2.0417379446695275e-07 |  4.083475889339055e-07 |  6.125213834008583e-07 |   8.16695177867811e-07 |           Cl 
            18 | 2.3988329190194897e-06 |  4.797665838038979e-06 |  7.196498757058469e-06 |  9.595331676077959e-06 |           Ar 
            19 | 1.1748975549395303e-07 | 2.3497951098790607e-07 |  3.524692664818591e-07 | 4.6995902197581213e-07 |            K 
            20 | 1.9952623149688787e-06 |  3.990524629937757e-06 | 5.9857869449066365e-06 |  7.981049259875515e-06 |           Ca 
            21 | 1.3803842646028867e-09 | 2.7607685292057735e-09 |   4.14115279380866e-09 |  5.521537058411547e-09 |           Sc 
            22 |  9.332543007969905e-08 |  1.866508601593981e-07 |  2.799762902390971e-07 |  3.733017203187962e-07 |           Ti 
            23 |  7.943282347242822e-09 | 1.5886564694485644e-08 | 2.3829847041728466e-08 |  3.177312938897129e-08 |            V 
            24 |  4.168693834703355e-07 |   8.33738766940671e-07 | 1.2506081504110065e-06 |  1.667477533881342e-06 |           Cr 
            25 | 2.6302679918953816e-07 |  5.260535983790763e-07 |  7.890803975686144e-07 | 1.0521071967581526e-06 |           Mn 
            26 | 2.8840315031266056e-05 |  5.768063006253211e-05 |  8.652094509379818e-05 | 0.00011536126012506423 |           Fe 
            27 |  8.709635899560814e-08 | 1.7419271799121628e-07 |  2.612890769868244e-07 | 3.4838543598243256e-07 |           Co 
            28 |  1.584893192461114e-06 |  3.169786384922228e-06 |  4.754679577383342e-06 |  6.339572769844456e-06 |           Ni 
            29 | 1.5135612484362072e-08 | 3.0271224968724145e-08 |  4.540683745308622e-08 |  6.054244993744829e-08 |           Cu 
            30 |   3.63078054770101e-08 |   7.26156109540202e-08 | 1.0892341643103031e-07 |  1.452312219080404e-07 |           Zn 
            31 | 1.0471285480508984e-09 |  2.094257096101797e-09 | 3.1413856441526953e-09 |  4.188514192203594e-09 |           Ga 
            32 |  4.168693834703363e-09 |  8.337387669406727e-09 |  1.250608150411009e-08 | 1.6674775338813453e-08 |           Ge 
            33 | 1.9952623149688828e-10 | 3.9905246299377657e-10 |  5.985786944906649e-10 |  7.981049259875531e-10 |           As 
            34 | 2.1877616239495518e-09 | 4.3755232478991035e-09 |  6.563284871848655e-09 |  8.751046495798207e-09 |           Se 
            35 |   3.46736850452531e-10 |   6.93473700905062e-10 |  1.040210551357593e-09 |  1.386947401810124e-09 |           Br 
            36 |   1.31825673855641e-09 |   2.63651347711282e-09 |   3.95477021566923e-09 |   5.27302695422564e-09 |           Kr 
            37 |  2.089296130854041e-10 |  4.178592261708082e-10 |  6.267888392562123e-10 |  8.357184523416164e-10 |           Rb 
            38 |  6.760829753919819e-10 | 1.3521659507839638e-09 | 2.0282489261759456e-09 | 2.7043319015679276e-09 |           Sr 
            39 |  1.621810097358933e-10 |  3.243620194717866e-10 |  4.865430292076799e-10 |  6.487240389435732e-10 |            Y 
            40 | 3.8904514499428046e-10 |  7.780902899885609e-10 | 1.1671354349828414e-09 | 1.5561805799771218e-09 |           Zr 
            41 | 2.9512092266663903e-11 |  5.902418453332781e-11 |  8.853627679999171e-11 | 1.1804836906665561e-10 |           Nb 
            42 |   7.58577575029182e-11 |  1.517155150058364e-10 |  2.275732725087546e-10 |  3.034310300116728e-10 |           Mo 
            43 |                    0.0 |                    0.0 |                    0.0 |                    0.0 |           Tc 
            44 | 5.6234132519034906e-11 | 1.1246826503806981e-10 | 1.6870239755710472e-10 | 2.2493653007613962e-10 |           Ru 
            45 | 6.0255958607435685e-12 | 1.2051191721487137e-11 | 1.8076787582230704e-11 | 2.4102383442974274e-11 |           Rh 
            46 | 3.7153522909717275e-11 |  7.430704581943455e-11 | 1.1146056872915183e-10 |  1.486140916388691e-10 |           Pd 
            47 |  9.120108393559116e-12 |  1.824021678711823e-11 |  2.736032518067735e-11 |  3.648043357423646e-11 |           Ag 
            48 | 5.1286138399136583e-11 | 1.0257227679827317e-10 | 1.5385841519740975e-10 | 2.0514455359654633e-10 |           Cd 
            49 |  6.309573444801943e-12 | 1.2619146889603885e-11 |  1.892872033440583e-11 |  2.523829377920777e-11 |           In 
            50 | 1.0471285480508985e-10 |  2.094257096101797e-10 | 3.1413856441526957e-10 |  4.188514192203594e-10 |           Sn 
            51 | 1.0232929922807536e-11 |  2.046585984561507e-11 |  3.069878976842261e-11 |  4.093171969123014e-11 |           Sb 
            52 | 1.5135612484362072e-10 | 3.0271224968724143e-10 | 4.5406837453086215e-10 |  6.054244993744829e-10 |           Te 
            53 |  3.548133892335761e-11 |  7.096267784671521e-11 | 1.0644401677007283e-10 | 1.4192535569343043e-10 |            I 
            54 | 1.6595869074375631e-10 | 3.3191738148751263e-10 |  4.978760722312689e-10 |  6.638347629750253e-10 |           Xe 
            55 |  1.202264434617413e-11 |  2.404528869234826e-11 |  3.606793303852239e-11 |  4.809057738469652e-11 |           Cs 
            56 | 1.8620871366628656e-10 |  3.724174273325731e-10 |  5.586261409988597e-10 |  7.448348546651462e-10 |           Ba 
            57 | 1.2882495516931322e-11 | 2.5764991033862644e-11 | 3.8647486550793966e-11 |  5.152998206772529e-11 |           La 
            58 |  3.801893963205613e-11 |  7.603787926411226e-11 | 1.1405681889616838e-10 |  1.520757585282245e-10 |           Ce 
            59 | 5.6234132519034904e-12 | 1.1246826503806981e-11 |  1.687023975571047e-11 | 2.2493653007613962e-11 |           Pr 
            60 | 2.6302679918953815e-11 |  5.260535983790763e-11 |  7.890803975686145e-11 | 1.0521071967581526e-10 |           Nd 
            61 |                    0.0 |                    0.0 |                    0.0 |                    0.0 |           Pm 
            62 |  8.912509381337441e-12 | 1.7825018762674882e-11 | 2.6737528144012323e-11 | 3.5650037525349764e-11 |           Sm 
            63 | 3.3113112148259077e-12 | 6.6226224296518155e-12 |  9.933933644477724e-12 | 1.3245244859303631e-11 |           Eu 
            64 |  1.202264434617413e-11 |  2.404528869234826e-11 |  3.606793303852239e-11 |  4.809057738469652e-11 |           Gd 
            65 | 2.0417379446695316e-12 |  4.083475889339063e-12 |  6.125213834008594e-12 |  8.166951778678126e-12 |           Tb 
            66 | 1.2589254117941662e-11 | 2.5178508235883323e-11 | 3.7767762353824985e-11 | 5.0357016471766647e-11 |           Dy 
            67 | 3.0199517204020193e-12 | 6.0399034408040386e-12 |  9.059855161206057e-12 | 1.2079806881608077e-11 |           Ho 
            68 |   8.51138038202376e-12 |  1.702276076404752e-11 |  2.553414114607128e-11 |  3.404552152809504e-11 |           Er 
            69 | 1.2882495516931323e-12 | 2.5764991033862646e-12 |  3.864748655079397e-12 |  5.152998206772529e-12 |           Tm 
            70 |  7.079457843841373e-12 | 1.4158915687682746e-11 |  2.123837353152412e-11 | 2.8317831375365493e-11 |           Yb 
            71 |  1.258925411794166e-12 |  2.517850823588332e-12 |  3.776776235382498e-12 |  5.035701647176664e-12 |           Lu 
            72 |  7.079457843841373e-12 | 1.4158915687682746e-11 |  2.123837353152412e-11 | 2.8317831375365493e-11 |           Hf 
            73 |  7.079457843841374e-13 | 1.4158915687682747e-12 |  2.123837353152412e-12 | 2.8317831375365495e-12 |           Ta 
            74 |   6.16595001861481e-12 |  1.233190003722962e-11 |  1.849785005584443e-11 |  2.466380007445924e-11 |            W 
            75 | 1.8197008586099825e-12 |  3.639401717219965e-12 |  5.459102575829948e-12 |   7.27880343443993e-12 |           Re 
            76 | 2.2387211385683377e-11 | 4.4774422771366754e-11 |  6.716163415705013e-11 |  8.954884554273351e-11 |           Os 
            77 |  2.089296130854041e-11 |  4.178592261708082e-11 |  6.267888392562122e-11 |  8.357184523416164e-11 |           Ir 
            78 |  4.073802778041122e-11 |  8.147605556082244e-11 | 1.2221408334123366e-10 | 1.6295211112164487e-10 |           Pt 
            79 |  8.128305161640995e-12 |  1.625661032328199e-11 | 2.4384915484922984e-11 |  3.251322064656398e-11 |           Au 
            80 | 1.4791083881682073e-11 | 2.9582167763364145e-11 | 4.4373251645046215e-11 |  5.916433552672829e-11 |           Hg 
            81 |  8.317637711026709e-12 | 1.6635275422053417e-11 | 2.4952913133080126e-11 | 3.3270550844106834e-11 |           Tl 
            82 |  8.912509381337441e-11 | 1.7825018762674882e-10 | 2.6737528144012323e-10 | 3.5650037525349764e-10 |           Pb 
            83 |  4.466835921509635e-12 |   8.93367184301927e-12 | 1.3400507764528905e-11 |  1.786734368603854e-11 |           Bi 
            84 |                    0.0 |                    0.0 |                    0.0 |                    0.0 |           Po 
            85 |                    0.0 |                    0.0 |                    0.0 |                    0.0 |           At 
            86 |                    0.0 |                    0.0 |                    0.0 |                    0.0 |           Rn 
            87 |                    0.0 |                    0.0 |                    0.0 |                    0.0 |           Fr 
            88 |                    0.0 |                    0.0 |                    0.0 |                    0.0 |           Ra 
            89 |                    0.0 |                    0.0 |                    0.0 |                    0.0 |           Ac 
            90 |  1.071519305237605e-12 |   2.14303861047521e-12 | 3.2145579157128147e-12 |   4.28607722095042e-12 |           Th 
            91 |                    0.0 |                    0.0 |                    0.0 |                    0.0 |           Pa 
            92 | 2.8840315031266116e-13 |  5.768063006253223e-13 |  8.652094509379834e-13 | 1.1536126012506446e-12 |            U 
