-1.9657701711491     4.0814479638009
-1.8545232273838     4.0995475113122
-1.7347188264058     4.1085972850678
-1.6149144254278     4.1266968325791
-1.4865525672371     4.1538461538461
-1.3667481662591     4.1628959276018
-1.2469437652811     4.1900452488687
-1.1014669926650     4.1900452488687
-0.9816625916870     4.2171945701357
-0.8704156479217     4.2262443438914
-0.7506112469437     4.2352941176470
-0.6222493887530     4.2533936651583
-0.5195599022004     4.2624434389140
-0.3997555012224     4.2895927601809
-0.2542787286063     4.3076923076923
-0.1344743276283     4.3348416289592
-0.0061124694376     4.3438914027149
0.13080684596577     4.3619909502262
0.25061124694376     4.3891402714932
0.36185819070904     4.4072398190045
0.49877750611246     4.4434389140271
0.61858190709046     4.4615384615384
0.74694376528117     4.5067873303167
0.87530562347188     4.5520361990950
0.99511002444987     4.5972850678733
1.11491442542787     4.6515837104072
1.22616136919315     4.7239819004524
1.34596577017114     4.7963800904977
1.45721271393643     4.8778280542986
1.57701711491442     4.9683257918552
1.68826405867970     5.0588235294117
1.79951100244498     5.1402714932126
1.90220048899755     5.1945701357466
1.99633251833740     5.2398190045248
2.14180929095354     5.3303167420814
2.21026894865525     5.4027149321266
2.26161369193154     5.4932126696832
2.34718826405868     5.6380090497737
2.44132029339853     5.7828054298642
2.54400977995110     5.8914027149321
2.67237163814180     5.9909502262443
2.78361858190709     6.1085972850678
2.86919315403423     6.1990950226244
2.92909535452322     6.3348416289592
2.97188264058679     6.4615384615384
3.01466992665036     6.5882352941176
3.08312958435207     6.7601809954751
3.15158924205379     6.8868778280542
3.22004889975550     7.0045248868778
3.27139364303178     7.1221719457013
3.36552567237163     7.2579185520362
3.47677261613691     7.4027149321266
3.62224938875305     7.5656108597285
3.73349633251833     7.6651583710407
3.81907090464547     7.7375565610859
3.91320293398533     7.7828054298642
4.04156479217604     7.8461538461538
4.16136919315403     7.8823529411764
4.29828850855745     7.9276018099547
4.48655256723716     7.9547511312217
4.67481662591687     7.9728506787330
4.86308068459657     8.0000000000000
4.99144254278728     8.0000000000000
