%Column 1: ionization parameter xi (erg cm s^{-1})
%Column 2: M(t=1) from Stevens & Kallman 1990 (Figure 2)
%
  1.0000000e-03  3.1285614e-01
  1.0553861e-03  3.1285614e-01
  1.1138398e-03  3.1285614e-01
  1.1755311e-03  3.1285614e-01
  1.2406392e-03  3.1322275e-01
  1.3093533e-03  3.1358980e-01
  1.3818733e-03  3.1395727e-01
  1.4584099e-03  3.1395727e-01
  1.5391855e-03  3.1395727e-01
  1.6244350e-03  3.1358980e-01
  1.7144061e-03  3.1322275e-01
  1.8093604e-03  3.1285614e-01
  1.9095738e-03  3.1285614e-01
  2.0153377e-03  3.1285614e-01
  2.1269594e-03  3.1285614e-01
  2.2447634e-03  3.1322275e-01
  2.3690921e-03  3.1358980e-01
  2.5003069e-03  3.1395727e-01
  2.6387891e-03  3.1432517e-01
  2.7849414e-03  3.1469351e-01
  2.9391884e-03  3.1469351e-01
  3.1019786e-03  3.1520423e-01
  3.2737851e-03  3.1594339e-01
  3.4551073e-03  3.1668428e-01
  3.6464722e-03  3.1742692e-01
  3.8484361e-03  3.1779889e-01
  4.0615860e-03  3.1765577e-01
  4.2865414e-03  3.1728397e-01
  4.5239562e-03  3.1691260e-01
  4.7745205e-03  3.1654167e-01
  5.0389626e-03  3.1654167e-01
  5.3180511e-03  3.1617117e-01
  5.6125973e-03  3.1580111e-01
  5.9234571e-03  3.1506228e-01
  6.2515344e-03  3.1432517e-01
  6.5977825e-03  3.1358980e-01
  6.9632079e-03  3.1322275e-01
  7.3488729e-03  3.1285614e-01
  7.7558983e-03  3.1285614e-01
  8.1854673e-03  3.1285614e-01
  8.6388284e-03  3.1285614e-01
  9.1172995e-03  3.1285614e-01
  9.6222712e-03  3.1282550e-01
  1.0155211e-02  3.1209364e-01
  1.0717669e-02  3.1136348e-01
  1.1311279e-02  3.1027144e-01
  1.1937766e-02  3.0918323e-01
  1.2598953e-02  3.0885159e-01
  1.3296760e-02  3.0849009e-01
  1.4033215e-02  3.0812901e-01
  1.4810460e-02  3.0812901e-01
  1.5630754e-02  3.0776836e-01
  1.6496481e-02  3.0668894e-01
  1.7410157e-02  3.0597143e-01
  1.8374437e-02  3.0525560e-01
  1.9392126e-02  3.0454144e-01
  2.0466180e-02  3.0347334e-01
  2.1599722e-02  3.0276335e-01
  2.2796046e-02  3.0205502e-01
  2.4058631e-02  3.0064333e-01
  2.5391144e-02  2.9958889e-01
  2.6797461e-02  2.9888798e-01
  2.8281668e-02  2.9783971e-01
  2.9848079e-02  2.9644772e-01
  3.1501248e-02  2.9506224e-01
  3.3245979e-02  2.9333949e-01
  3.5087345e-02  2.9128547e-01
  3.7030696e-02  2.8914161e-01
  3.9081682e-02  2.8678092e-01
  4.1246264e-02  2.8477281e-01
  4.3530734e-02  2.8211719e-01
  4.5941731e-02  2.7964183e-01
  4.8486265e-02  2.7680954e-01
  5.1171730e-02  2.7487125e-01
  5.4005933e-02  2.7292944e-01
  5.6997111e-02  2.7101832e-01
  6.0153959e-02  2.6897095e-01
  6.3485652e-02  2.6708756e-01
  6.7001875e-02  2.6490693e-01
  7.0712848e-02  2.6245302e-01
  7.4629357e-02  2.6027659e-01
  7.8762786e-02  2.5816572e-01
  8.3125150e-02  2.5605793e-01
  8.7729128e-02  2.5367009e-01
  9.2588103e-02  2.5130451e-01
  9.7716197e-02  2.4831629e-01
  1.0312832e-01  2.4507641e-01
  1.0884019e-01  2.4109091e-01
  1.1486843e-01  2.3693345e-01
  1.2123054e-01  2.3253506e-01
  1.2794503e-01  2.2816112e-01
  1.3503140e-01  2.2386945e-01
  1.4251027e-01  2.1971358e-01
  1.5040336e-01  2.1558082e-01
  1.5873361e-01  2.1157882e-01
  1.6752525e-01  2.0759906e-01
  1.7680382e-01  2.0369416e-01
  1.8659629e-01  1.9981027e-01
  1.9693113e-01  1.9611640e-01
  2.0783838e-01  1.9267335e-01
  2.1934974e-01  1.8948511e-01
  2.3149867e-01  1.8609725e-01
  2.4432048e-01  1.8288525e-01
  2.5785244e-01  1.7970054e-01
  2.7213388e-01  1.7618371e-01
  2.8720631e-01  1.7263764e-01
  3.0311355e-01  1.6882932e-01
  3.1990183e-01  1.6426002e-01
  3.3761994e-01  1.5925574e-01
  3.5631940e-01  1.5409942e-01
  3.7605454e-01  1.4835678e-01
  3.9688274e-01  1.4282815e-01
  4.1886452e-01  1.3767962e-01
  4.4206380e-01  1.3269225e-01
  4.6654799e-01  1.2774736e-01
  4.9238826e-01  1.2321868e-01
  5.1965973e-01  1.1862684e-01
  5.4844166e-01  1.1432920e-01
  5.7881770e-01  1.1020754e-01
  6.1087616e-01  1.0622241e-01
  6.4471021e-01  1.0228958e-01
  6.8041820e-01  9.8593077e-02
  7.1810391e-01  9.5032017e-02
  7.5787689e-01  9.1490574e-02
  7.9985273e-01  8.8206429e-02
  8.4415346e-01  8.5139825e-02
  8.9090783e-01  8.2255512e-02
  9.4025174e-01  7.9188644e-02
  9.9232862e-01  7.6097994e-02
  1.0472898e+00  7.2903179e-02
  1.1052951e+00  6.9610351e-02
  1.1665131e+00  6.6165718e-02
  1.2311217e+00  6.2884644e-02
  1.2993088e+00  5.9751294e-02
  1.3712724e+00  5.6763174e-02
  1.4472219e+00  5.3914561e-02
  1.5273779e+00  5.1235386e-02
  1.6119734e+00  4.8703272e-02
  1.7012543e+00  4.6276174e-02
  1.7954801e+00  4.3949366e-02
  1.8949248e+00  4.1747237e-02
  1.9998773e+00  3.9630604e-02
  2.1106427e+00  3.7614657e-02
  2.2275430e+00  3.5665757e-02
  2.3509179e+00  3.3780235e-02
  2.4811261e+00  3.2025991e-02
  2.6185460e+00  3.0366652e-02
  2.7635770e+00  2.8759585e-02
  2.9166408e+00  2.7392488e-02
  3.0781821e+00  2.6293917e-02
  3.2486707e+00  2.5442482e-02
  3.4286019e+00  2.4838095e-02
  3.6184988e+00  2.4467307e-02
  3.8189133e+00  2.4164441e-02
  4.0304280e+00  2.3883092e-02
  4.2536577e+00  2.3568526e-02
  4.4892513e+00  2.3239617e-02
  4.7378934e+00  2.2915298e-02
  5.0003068e+00  2.2612328e-02
  5.2772544e+00  2.2304800e-02
  5.5695409e+00  2.2013781e-02
  5.8780161e+00  2.1722389e-02
  6.2035765e+00  2.1419244e-02
  6.5471684e+00  2.1094040e-02
  6.9097905e+00  2.0792170e-02
  7.2924969e+00  2.0490847e-02
  7.6963999e+00  2.0199825e-02
  8.1226735e+00  1.9917928e-02
  8.5725567e+00  1.9641426e-02
  9.0473572e+00  1.9367322e-02
  9.5484551e+00  1.9209198e-02
  1.0077307e+01  1.9155102e-02
  1.0635450e+01  1.9200021e-02
  1.1224506e+01  1.9369218e-02
  1.1846187e+01  1.9605071e-02
  1.2502301e+01  1.9816920e-02
  1.3194755e+01  2.0097387e-02
  1.3925561e+01  2.0381824e-02
  1.4696844e+01  2.0651269e-02
  1.5510845e+01  2.0948796e-02
  1.6369930e+01  2.1275511e-02
  1.7276597e+01  2.1526142e-02
  1.8233480e+01  2.1830800e-02
  1.9243361e+01  2.2171271e-02
  2.0309176e+01  2.2523314e-02
  2.1434022e+01  2.2890808e-02
  2.2621169e+01  2.3296487e-02
  2.3874068e+01  2.3661948e-02
  2.5196359e+01  2.4027213e-02
  2.6591887e+01  2.4423741e-02
  2.8064708e+01  2.4792315e-02
  2.9619103e+01  2.5172662e-02
  3.1259590e+01  2.5580077e-02
  3.2990937e+01  2.5963253e-02
  3.4818176e+01  2.6362287e-02
  3.6746619e+01  2.6799135e-02
  3.8781871e+01  2.7210270e-02
  4.0929848e+01  2.7618624e-02
  4.3196793e+01  2.8070793e-02
  4.5589295e+01  2.8481572e-02
  4.8114308e+01  2.8917385e-02
  5.0779172e+01  2.9258040e-02
  5.3591633e+01  2.9439553e-02
  5.6559865e+01  2.9332394e-02
  5.9692495e+01  2.9024050e-02
  6.2998630e+01  2.8436538e-02
  6.6487878e+01  2.7768314e-02
  7.0170383e+01  2.6998685e-02
  7.4056847e+01  2.6298757e-02
  7.8158567e+01  2.5593406e-02
  8.2487466e+01  2.4936159e-02
  8.7056125e+01  2.4238950e-02
  9.1877824e+01  2.3547211e-02
  9.6966579e+01  2.2808291e-02
  1.0233718e+02  2.2039923e-02
  1.0800524e+02  2.1201806e-02
  1.1398723e+02  2.0386535e-02
  1.2030053e+02  1.9640041e-02
  1.2696351e+02  1.9105946e-02
  1.3399553e+02  1.9182131e-02
  1.4141702e+02  1.9916757e-02
  1.4924955e+02  2.1362606e-02
  1.5751591e+02  2.3597069e-02
  1.6624010e+02  2.6262421e-02
  1.7544749e+02  2.8679268e-02
  1.8516484e+02  3.0647936e-02
  1.9542040e+02  3.2011192e-02
  2.0624398e+02  3.2602504e-02
  2.1766703e+02  3.2923579e-02
  2.2972275e+02  3.3033117e-02
  2.4244620e+02  3.2896767e-02
  2.5587435e+02  3.2589992e-02
  2.7004624e+02  3.2202470e-02
  2.8500304e+02  3.1678783e-02
  3.0078825e+02  3.1225316e-02
  3.1744774e+02  3.0953399e-02
  3.3502993e+02  3.0772674e-02
  3.5358594e+02  3.0744483e-02
  3.7316968e+02  3.0816579e-02
  3.9383810e+02  3.0888845e-02
  4.1565126e+02  3.0959825e-02
  4.3867256e+02  3.1068792e-02
  4.6296892e+02  3.1141650e-02
  4.8861097e+02  3.1287877e-02
  5.1567322e+02  3.1434791e-02
  5.4423435e+02  3.1503571e-02
  5.7437737e+02  3.1503571e-02
  6.0618990e+02  3.1503571e-02
  6.3976440e+02  3.1367268e-02
  6.7519845e+02  3.1220669e-02
  7.1259506e+02  3.1117507e-02
  7.5206293e+02  3.1008370e-02
  7.9371676e+02  3.0899615e-02
  8.3767764e+02  3.0885820e-02
  8.8407334e+02  3.0858371e-02
  9.3303872e+02  3.0836622e-02
  9.8471610e+02  3.0836622e-02
  1.0392557e+03  3.0836622e-02
  1.0968160e+03  3.0803546e-02
  1.1575644e+03  3.0794860e-02
  1.2216773e+03  3.0780509e-02
  1.2893413e+03  3.0780509e-02
  1.3607529e+03  3.0780509e-02
  1.4361197e+03  3.0780509e-02
  1.5156608e+03  3.0780509e-02
  1.5996073e+03  3.0780509e-02
  1.6882033e+03  3.0744482e-02
  1.7817063e+03  3.0708497e-02
  1.8803881e+03  3.0672555e-02
  1.9845355e+03  3.0672555e-02
  2.0944511e+03  3.0636654e-02
  2.2104546e+03  3.0636654e-02
  2.3328831e+03  3.0636654e-02
  2.4620924e+03  3.0636654e-02
  2.5984581e+03  3.0600796e-02
  2.7423766e+03  3.0600796e-02
  2.8942661e+03  3.0507687e-02
  3.0545682e+03  3.0182732e-02
  3.2237489e+03  2.9657603e-02
  3.4022998e+03  2.8937100e-02
  3.5907399e+03  2.7992289e-02
  3.7896170e+03  2.6980714e-02
  3.9995091e+03  2.6012214e-02
  4.2210263e+03  2.5055014e-02
  4.4548125e+03  2.4103942e-02
  4.7015472e+03  2.3205689e-02
  4.9619476e+03  2.2307683e-02
  5.2367705e+03  2.1442244e-02
  5.5268149e+03  2.0619343e-02
  5.8329236e+03  1.9826703e-02
  6.1559865e+03  1.9047664e-02
  6.4969426e+03  1.8322186e-02
  6.8567829e+03  1.7655639e-02
  7.2365534e+03  1.6994559e-02
  7.6373579e+03  1.6361243e-02
  8.0603614e+03  1.5766281e-02
  8.5067934e+03  1.5217133e-02
  8.9779516e+03  1.4688090e-02
  9.4752053e+03  1.4196667e-02
  1.0000000e+04  1.3799729e-02