-1.9730077120822      4
-1.7930591259640      4.01895734597156
-1.5951156812339      4.04739336492891
-1.3881748071979      4.07582938388625
-1.2622107969151      4.08530805687203
-1.0822622107969      4.12322274881516
-0.9652956298200      4.13270142180094
-0.8303341902313      4.15165876777251
-0.7133676092544      4.16113744075829
-0.5874035989717      4.18957345971564
-0.4794344473007      4.19905213270142
-0.3534704370179      4.20853080568720
-0.2095115681233      4.22748815165876
-0.0565552699228      4.25592417061611
0.06940874035989      4.27488151658767
0.17737789203084      4.28436018957345
0.29434447300771      4.30331753554502
0.44730077120822      4.33175355450236
0.58226221079691      4.36018957345971
0.74421593830334      4.39810426540284
0.88817480719794      4.43601895734597
1.00514138817480      4.46445497630331
1.11311053984575      4.49289099526066
1.28406169665809      4.55924170616113
1.44601542416452      4.66350710900473
1.53598971722365      4.73933649289099
1.60796915167095      4.81516587677725
1.70694087403598      4.93838862559241
1.79691516709511      5.08056872037914
1.93187660668380      5.25118483412322
2.03084832904884      5.31753554502369
2.12982005141388      5.43127962085308
2.16580976863753      5.75355450236966
2.18380462724935      5.86729857819905
2.22879177377892      6
2.28277634961439      6.10426540284360
2.36375321336760      6.21800947867298
2.47172236503856      6.35071090047393
2.54370179948586      6.52132701421800
2.57969151670951      6.62559241706161
2.62467866323907      6.74881516587677
2.66066838046272      6.86255924170616
2.71465295629820      7.00473933649289
2.79562982005141      7.12796208530805
2.87660668380462      7.27962085308056
2.94858611825192      7.42180094786729
3.05655526992287      7.56398104265402
3.15552699228791      7.68720379146919
3.26349614395886      7.81990521327014
3.37146529562982      7.90521327014218
3.49742930591259      7.97156398104265
3.62339331619537      8.02843601895734
3.74035989717223      8.06635071090047
3.90231362467866      8.09478672985782
4.03727506426735      8.11374407582938
4.19922879177377      8.14218009478673
4.37017994858611      8.15165876777251
4.55012853470437      8.15165876777251
4.70308483290488      8.16113744075829
4.88303341902313      8.16113744075829
4.99100257069408      8.18009478672985
