%Column 1: ionization parameter xi (erg cm s^{-1})
%Column 2: Qbar from Stevens & Kallman 1990 (dimensionless)
%
  1.000000e-03  2.373881e+03
  1.055386e-03  2.375698e+03
  1.113840e-03  2.376385e+03
  1.175531e-03  2.376385e+03
  1.240639e-03  2.375476e+03
  1.309353e-03  2.374789e+03
  1.381873e-03  2.373881e+03
  1.458410e-03  2.372972e+03
  1.539186e-03  2.372064e+03
  1.624435e-03  2.370247e+03
  1.714406e-03  2.369338e+03
  1.809360e-03  2.367543e+03
  1.909574e-03  2.366634e+03
  2.015338e-03  2.364994e+03
  2.126959e-03  2.364064e+03
  2.244763e-03  2.363155e+03
  2.369092e-03  2.362979e+03
  2.500307e-03  2.362979e+03
  2.638789e-03  2.362180e+03
  2.784941e-03  2.361004e+03
  2.939188e-03  2.359187e+03
  3.101979e-03  2.358169e+03
  3.273785e-03  2.356130e+03
  3.455107e-03  2.353448e+03
  3.646472e-03  2.349814e+03
  3.848436e-03  2.357333e+03
  4.061586e-03  2.369328e+03
  4.286541e-03  2.385367e+03
  4.523956e-03  2.392357e+03
  4.774521e-03  2.394822e+03
  5.038963e-03  2.392936e+03
  5.318051e-03  2.389206e+03
  5.612597e-03  2.385249e+03
  5.923457e-03  2.382319e+03
  6.251534e-03  2.378589e+03
  6.597782e-03  2.378360e+03
  6.963208e-03  2.380599e+03
  7.348873e-03  2.386665e+03
  7.755898e-03  2.382419e+03
  8.185467e-03  2.382838e+03
  8.638828e-03  2.390758e+03
  9.117299e-03  2.406198e+03
  9.622271e-03  2.403346e+03
  1.015521e-02  2.396204e+03
  1.071767e-02  2.388439e+03
  1.131128e-02  2.393432e+03
  1.193777e-02  2.393657e+03
  1.259895e-02  2.403949e+03
  1.329676e-02  2.409223e+03
  1.403322e-02  2.418365e+03
  1.481046e-02  2.428290e+03
  1.563075e-02  2.438812e+03
  1.649648e-02  2.442172e+03
  1.741016e-02  2.435796e+03
  1.837444e-02  2.438780e+03
  1.939213e-02  2.446259e+03
  2.046618e-02  2.454809e+03
  2.159972e-02  2.453583e+03
  2.279605e-02  2.462674e+03
  2.405863e-02  2.473040e+03
  2.539114e-02  2.483935e+03
  2.679746e-02  2.479140e+03
  2.828167e-02  2.481330e+03
  2.984808e-02  2.500822e+03
  3.150125e-02  2.533550e+03
  3.324598e-02  2.546867e+03
  3.508734e-02  2.539164e+03
  3.703070e-02  2.527417e+03
  3.908168e-02  2.528798e+03
  4.124626e-02  2.539538e+03
  4.353073e-02  2.548995e+03
  4.594173e-02  2.559331e+03
  4.848626e-02  2.572505e+03
  5.117173e-02  2.581099e+03
  5.400593e-02  2.585471e+03
  5.699711e-02  2.582379e+03
  6.015396e-02  2.594805e+03
  6.348565e-02  2.600097e+03
  6.700188e-02  2.618904e+03
  7.071285e-02  2.618232e+03
  7.462936e-02  2.640007e+03
  7.876279e-02  2.643098e+03
  8.312515e-02  2.650323e+03
  8.772913e-02  2.648236e+03
  9.258810e-02  2.656629e+03
  9.771620e-02  2.666680e+03
  1.031283e-01  2.684276e+03
  1.088402e-01  2.708104e+03
  1.148684e-01  2.740697e+03
  1.212305e-01  2.756242e+03
  1.279450e-01  2.765717e+03
  1.350314e-01  2.774100e+03
  1.425103e-01  2.790673e+03
  1.504034e-01  2.810416e+03
  1.587336e-01  2.818727e+03
  1.675252e-01  2.828617e+03
  1.768038e-01  2.826653e+03
  1.865963e-01  2.830719e+03
  1.969311e-01  2.840276e+03
  2.078384e-01  2.858802e+03
  2.193497e-01  2.862166e+03
  2.314987e-01  2.861542e+03
  2.443205e-01  2.868342e+03
  2.578524e-01  2.873145e+03
  2.721339e-01  2.876593e+03
  2.872063e-01  2.877443e+03
  3.031136e-01  2.897848e+03
  3.199018e-01  2.917905e+03
  3.376199e-01  2.938012e+03
  3.563194e-01  2.961552e+03
  3.760545e-01  2.986451e+03
  3.968827e-01  3.001470e+03
  4.188645e-01  3.010598e+03
  4.420638e-01  3.025447e+03
  4.665480e-01  3.046251e+03
  4.923883e-01  3.058379e+03
  5.196597e-01  3.090705e+03
  5.484417e-01  3.124455e+03
  5.788177e-01  3.168747e+03
  6.108762e-01  3.186034e+03
  6.447102e-01  3.203318e+03
  6.804182e-01  3.204862e+03
  7.181039e-01  3.193802e+03
  7.578769e-01  3.182710e+03
  7.998527e-01  3.192244e+03
  8.441535e-01  3.197930e+03
  8.909078e-01  3.187197e+03
  9.402517e-01  3.179235e+03
  9.923286e-01  3.207979e+03
  1.047290e+00  3.274888e+03
  1.105295e+00  3.371534e+03
  1.166513e+00  3.484539e+03
  1.231122e+00  3.595064e+03
  1.299309e+00  3.684097e+03
  1.371272e+00  3.755680e+03
  1.447222e+00  3.836020e+03
  1.527378e+00  3.937621e+03
  1.611973e+00  4.019767e+03
  1.701254e+00  4.105006e+03
  1.795480e+00  4.187380e+03
  1.894925e+00  4.283630e+03
  1.999877e+00  4.385331e+03
  2.110643e+00  4.519964e+03
  2.227543e+00  4.668518e+03
  2.350918e+00  4.844457e+03
  2.481126e+00  5.027614e+03
  2.618546e+00  5.293723e+03
  2.763577e+00  5.546643e+03
  2.916641e+00  5.729726e+03
  3.078182e+00  5.816531e+03
  3.248671e+00  5.748045e+03
  3.428602e+00  5.577688e+03
  3.618499e+00  5.300871e+03
  3.818913e+00  5.052857e+03
  4.030428e+00  4.828089e+03
  4.253658e+00  4.627722e+03
  4.489251e+00  4.433020e+03
  4.737893e+00  4.231468e+03
  5.000307e+00  4.021146e+03
  5.277254e+00  3.799617e+03
  5.569541e+00  3.608859e+03
  5.878016e+00  3.431928e+03
  6.203576e+00  3.263658e+03
  6.547168e+00  3.079549e+03
  6.909791e+00  2.931858e+03
  7.292497e+00  2.801969e+03
  7.696400e+00  2.683568e+03
  8.122674e+00  2.540359e+03
  8.572557e+00  2.397201e+03
  9.047357e+00  2.260447e+03
  9.548455e+00  2.123425e+03
  1.007731e+01  1.961422e+03
  1.063545e+01  1.773483e+03
  1.122451e+01  1.579124e+03
  1.184619e+01  1.411135e+03
  1.250230e+01  1.270872e+03
  1.319476e+01  1.148702e+03
  1.392556e+01  1.036043e+03
  1.469684e+01  9.289767e+02
  1.551084e+01  8.325375e+02
  1.636993e+01  7.455111e+02
  1.727660e+01  6.644233e+02
  1.823348e+01  5.946807e+02
  1.924336e+01  5.181279e+02
  2.030918e+01  4.577481e+02
  2.143402e+01  3.992979e+02
  2.262117e+01  3.570999e+02
  2.387407e+01  3.141556e+02
  2.519636e+01  2.754383e+02
  2.659189e+01  2.407479e+02
  2.806471e+01  2.118926e+02
  2.961910e+01  1.866299e+02
  3.125959e+01  1.610607e+02
  3.299094e+01  1.392987e+02
  3.481818e+01  1.205998e+02
  3.674662e+01  1.055608e+02
  3.878187e+01  9.049453e+01
  4.092985e+01  7.810522e+01
  4.319679e+01  6.800245e+01
  4.558929e+01  6.065536e+01
  4.811431e+01  5.229808e+01
  5.077917e+01  4.520035e+01
  5.359163e+01  3.832072e+01
  5.655986e+01  3.295934e+01
  5.969250e+01  2.753435e+01
  6.299863e+01  2.263900e+01
  6.648788e+01  1.880082e+01
  7.017038e+01  1.515831e+01
  7.405685e+01  1.228511e+01
  7.815857e+01  9.856943e+00
  8.248747e+01  8.065100e+00
  8.705612e+01  6.550061e+00
  9.187782e+01  5.257069e+00
  9.696658e+01  4.111814e+00
  1.023372e+02  3.145632e+00
  1.080052e+02  2.300303e+00
  1.139872e+02  1.640058e+00
  1.203005e+02  1.172472e+00
  1.269635e+02  8.363697e-01
  1.339955e+02  6.152619e-01
  1.414170e+02  4.756108e-01
  1.492496e+02  4.261600e-01
  1.575159e+02  4.254553e-01
  1.662401e+02  4.501280e-01
  1.754475e+02  4.768711e-01
  1.851648e+02  5.236790e-01
  1.954204e+02  5.951743e-01
  2.062440e+02  6.967879e-01
  2.176670e+02  8.120969e-01
  2.297228e+02  9.331625e-01
  2.424462e+02  1.056424e+00
  2.558744e+02  1.155182e+00
  2.700462e+02  1.212103e+00
  2.850030e+02  1.221518e+00
  3.007883e+02  1.217423e+00
  3.174477e+02  1.217924e+00
  3.350299e+02  1.229205e+00
  3.535859e+02  1.240546e+00
  3.731697e+02  1.247492e+00
  3.938381e+02  1.246654e+00
  4.156513e+02  1.248979e+00
  4.386726e+02  1.252782e+00
  4.629689e+02  1.254709e+00
  4.886110e+02  1.254751e+00
  5.156732e+02  1.257995e+00
  5.442344e+02  1.257995e+00
  5.743774e+02  1.240630e+00
  6.061899e+02  1.191776e+00
  6.397644e+02  1.126940e+00
  6.751985e+02  1.058652e+00
  7.125951e+02  9.940690e-01
  7.520629e+02  9.383489e-01
  7.937168e+02  8.830517e-01
  8.376776e+02  8.371036e-01
  8.840733e+02  7.907732e-01
  9.330387e+02  7.490796e-01
  9.847161e+02  7.041262e-01
  1.039256e+03  6.590088e-01
  1.096816e+03  6.155839e-01
  1.157564e+03  5.755356e-01
  1.221677e+03  5.374888e-01
  1.289341e+03  4.998564e-01
  1.360753e+03  4.626403e-01
  1.436120e+03  4.313458e-01
  1.515661e+03  4.044862e-01
  1.599607e+03  3.818542e-01
  1.688203e+03  3.571574e-01
  1.781706e+03  3.352488e-01
  1.880388e+03  3.117129e-01
  1.984535e+03  2.911803e-01
  2.094451e+03  2.694203e-01
  2.210455e+03  2.513957e-01
  2.332883e+03  2.331676e-01
  2.462092e+03  2.166137e-01
  2.598458e+03  2.012090e-01
  2.742377e+03  1.874004e-01
  2.894266e+03  1.752760e-01
  3.054568e+03  1.635622e-01
  3.223749e+03  1.519463e-01
  3.402300e+03  1.399841e-01
  3.590740e+03  1.291203e-01
  3.789617e+03  1.188560e-01
  3.999509e+03  1.096580e-01
  4.221026e+03  1.005749e-01
  4.454813e+03  9.150699e-02
  4.701547e+03  8.368059e-02
  4.961948e+03  7.570570e-02
  5.236771e+03  6.902379e-02
  5.526815e+03  6.212657e-02
  5.832924e+03  5.659140e-02
  6.155987e+03  5.108989e-02
  6.496943e+03  4.624165e-02
  6.856783e+03  4.134290e-02
  7.236553e+03  3.721271e-02
  7.637358e+03  3.338276e-02
  8.060361e+03  3.017940e-02
  8.506793e+03  2.710641e-02
  8.977952e+03  2.432292e-02
  9.475205e+03  2.163521e-02
  1.000000e+04  1.918136e-02

